216 222 973 690 722 
160 701 260 620 66 
343 18 271 234 606 
75 912 687 666 560 
908 817 267 988 139 
366 848 963 792 132 
516 699 354 178 388 
766 338 779 717 648 
846 750 666 807 984 
962 883 896 338 548 
455 936 54 723 614 
884 779 461 536 570 
283 51 268 638 229 
347 93 257 816 500 
905 351 250 260 158 
233 912 40 819 249 
278 965 185 332 687 
799 906 155 950 442 
725 232 183 684 560 
413 721 654 360 226 
844 265 578 93 215 
736 327 127 776 836 
376 744 800 251 766 
176 740 671 331 689 
803 56 612 987 430 
171 89 841 515 449 
66 49 404 644 142 
620 379 159 437 845 
996 813 278 795 755 
43 972 494 405 993 
874 207 739 175 884 